*parameter
xA = -5.000000E-02
xB = 2.000000E-02
x6 = 1.500000E-01
C10 = 2.100000E-04
D1 = 2.182000E+03
pcA = 5.000000E-01
pcB = -5.200000E-01
pc6 = -1.800000E-01
